01111111
01111111
10000000
10100100
00000011
00010101
00001100
00011010
00001111
00010001
00001001
11111011
11111000
00000010
11110110
11111001
11110111
00011011
00010011
11111011
00011001
00010110
00010100
00010011
00011010
00101001
00100011
00000100
00010100
00001010
00010111
00010001
00011101
00101001
11111111
00100010
00010010
00011011
00001001
11110010
00001000
00000010
00000000
11111011
11111010
11111001
11111001
11111110
00101000
00000000
00011100
00001010
00010110
00010010
00011000
11111001
00100010
00100101
00010011
00110110
11111000
00011111
00010011
00101011
00001110
00100000
00010001
11110100
11110101
11110110
11110110
11110000
11110101
00000000
11110110
11110111
11110101
11110100
11101110
11111001
11110110
11110101
11110011
11110101
11110011
11110100
11111000
11111001
11111000
11110101
11110111
11110100
11110010
11110011
11110010
11101110
11110000
00010100
00101101
00001100